1       383     126     95
2       768     211     214
3       3022    1312    3872
4       1505    961     862
5       1557    936     1110
6       1432    1166    1285
7       1683    1444    1533
8       1707    2019    1859
9       3698    2144    2006
10      6693    8378    5118
11      2925    3484    3622
12      2627    3673    3466
13      3484    3826    4077
14      3450    4979    5148
15      4353    5607    5898
16      3940    7886    7833
17      4126    7298    6925
18      4778    8776    8084
19      4640    9798    9100